# Created by Octave 4.2.1, Sun Oct 29 13:15:52 2017 CET <pgorski42@Czarna-Deska-3543>
# name: d_steel
# type: scalar
7840


# name: d_aluminium
# type: scalar
2764


# name: d_brass
# type: scalar
8738


# name: d_copper
# type: scalar
6022


